1473256
1507691
1935039
3253486
3247689
1051129
2407338
3252969
2208457
2325388
1604318
1621041
1431412
2094664
1201338
1095741
3255019
2248721
3254290
1551178
1468942
2112640
2501178
2259747
2140571
1273747
6006798
2008047
3255189
1202450
2318610
3268243
6007080
1680697
6101587
71
3254526
1010211
1473519
3025415
1924562
67
2050026
2501881
2506445
1222896
2386599
2332712
1951611
1206453
1563424
3256692
2496524
2361182
1760225
2956859
2663073
1840265
3268123
1397905
1129089
2180483
1793290
1227680
1042742
1217179
2427916
1967696
1656918
1405824
1704371
3242311
1176268
3257924
2503603
3196122
1800179
1404020
1202948
1016683
1173673
3268343
1048425
1171103
5972002
1211085
2501157
2008186
3241284
2466563
1037665
3241679
1201640
2386446
1013286
1004707
2471935
1179544
2143216
1475961
1024245
2114905
2281250
1661051
3247177
1705664
3256883
2415519
1765
5976970
1203449
5959199
2284682
1253900
1754190
1701962
1171585
2488031
2265252
3268281
6713354
2267090
2217577
1172723
2319873
1562940
5954874
6601660
3172217
3232398
3254175
1940325
3262620
2505073
1472710
2329371
2639601
6425644
2681645
5937457
1523630
2224314
1663
6005948
1589682
2252361
2661727
5275011
2144651
2280494
2212281
2181467
2156173
1986856
2314589
2255744
3244675
1470273
1997415
2153734
6007078
1122593
3265160
1075769
3242849
1078759
1138976
1231777
1177301
2441123
2420928
1171564
3208861
3237007
2661292
3116951
2505696
2079187
1022178
2283611
2337572
1720699
1014752
5967488
2213547
2659904
3051185
1524126
1420
6611187
1005509
2594161
1057237
3241427
2394448
3254284
1017868
2400284
1139541
1179781
89
3219774
3262574
3253957
1556176
1807209
2675857
2673669
2438295
1180038
1788989
2322299
2285450
1867810
3260013
3249118
3240905
2087884
2293024
3252670
3254214
1846510
1423906
1060392
1769983
2210230
1026107
1094108
2180340
1793312
1167030
1994110
1680986
1180040
1237934
2356649
2112701
6007995
1238548
2009118
3256847
1360531
3269478
2553226
787
1772826
1682933
1169990
3254482
2317846
2047559
3268315
2506062
3253958
2010934
1659550
1409524
3254244
2505082
1221119
2466187
1839540
1963215
3026377
2666806
2326143
6713301
3232452
2656444
1942857
1680385
3254195
1941927
3232436
2928987
2321647
1719396
2025748
3253101
2302562
1841287
3264368
2217058
3254316
1846289
2308409
1405324
1754246
3254181
5959160
1677693
2209788
1683485
2291071
6007777
1872602
1411821
1236025
1664502
2168132
1917847
1477551
3248705
1520951
3251064
2486700
1979075
1248954
1210274
2506550
2505827
2178171
2116254
1577507
6713353
3238134
2052677
1202028
2431670
1170354
2501615
1523586
2482229
2225701
3255035
3254681
1061162
1248055
1638051
1245811
3255649
1765134
2628899
2267843
2191269
2494352
1303237
2209994
3261765
2188464
1217425
2379647
1811577
1017274
1898669
3268290
1188754
2423976
1078110
2435345
3247229
1825274
1522963
1829035
3259062
2357171
1334170
1190788
2243888
1192024
3242246
1246287
1811507
2505617
1715518
3105467
3232494
6549252
2221469
1219454
1951729
2459562
1693490
3258553
3262532
2226823
3248572
1007630
1471304
3241938
2285749
2505818
1437570
1523582
2501140
1774846
2064667
1864802
2756031
6008564
1567709
2332546
3222354
6533847
1470371
1964481
2228949
1125968
1939301
6007115
6713348
1458943
873
2180993
1464857
256
2345656
3254182
3242754
1171189
2226577
1228880
5962254
2439826
1176594
2273255
1555066
240
2153172
1473909
1145053
2505799
3249503
3247356
2400317
1042709
1205931
2770455
2147965
1915517
2137868
1691425
1403448
2178114
1219480
1015967
1016088
2421577
2111405
2358840
1212777
2474123
3253068
1664773
3253660
1525960
2266784
6007996
1188881
2308734
3253726
1169477
3256403
1366898
3268165
1207328
2437053
3240610
1216215
2433241
1306851
2199732
1231483
1436142
2278994
1799149
2506551
1776299
1044057
3254187
3246293
2465283
5963149
1699
1754065
2237989
2331208
1017359
3232850
6487536
2349564
2310223
2503978
6008358
2417328
3260373
2394404
2264819
1873100
1550192
1014605
2269478
2150867
2436437
3241872
3232463
2925374
1364589
1180300
2010086
1542011
1590478
3266073
3200115
3257561
2279021
2618837
1841326
1995574
3253748
2441416
2493793
1215426
2411603
2498814
2288951
3256641
1301754
2093134
1827269
6006981
2231273
1246289
1990646
1140675
2672888
3100326
2111944
3254460
2167352
1824017
3241036
3259147
2262453
2289955
1396488
2426820
426
2364616
2820533
3232506
3268147
1100749
1222410
2450392
2502233
2485730
1745049
1367364
1477930
1919119
2336955
6007549
5939842
1896877
1030808
1017716
2392092
6533843
4902912
2279288
1810502
1542207
3246848
1167536
2354304
2638247
2896592
3262603
1469573
2242581
2058344
3243882
2354183
1568151
3254371
6006898
1811612
1781630
2319718
3252891
2123446
2320332
1022882
2338751
1107205
3241775
2506251
2297985
1549173
3255457
2268167
2504710
3268509
3254302
2477479
2150121
1530525
2455154
1940268
2356484
3246745
2112386
1174988
3089216
2770344
1109289
5977268
1044315
3258841
2956096
3232471
1476401
1908757
1016351
2178466
1810530
1158271
1154498
1887638
3240262
1131344
3253364
1933094
5025670
5025670
2056396
1594
6101430
1166760
2559259
1201334
1167420
2017076
4826534
1191346
3254041
1231127
2012774
1234199
1225030
1822147
2064708
2673100
1667646
1360848
1216147
2022154
3262642
1220906
1170674
1210342
1242839
4764711
5018538
5018538
1215107
1936966
1255890
1213385
2297006
1174368
1171183
3265987
3262810
5967471
1175325
1179394
1071480
2053812
2283430
1249906
3265155
1244836
1050175
1188929
1293408
1240308
1060453
1079933
1176685
3236835
6009104
1176773
1309566
3255657
1820076
1175552
3250123
2102998
3246376
1973561
2060007
1220823
1227976
1168105
6598564
319
6101589
1113311
1059327
2031838
2286113
1235926
1197388
1050621
1395989
1174563
2531601
3239880
1218758
1179906
1179906
1179906
5937458
2104949
1175485
1214758
2047126
2497650
1185277
2293053
1216550
1173635
1242657
2312316
3250135
1244682
1199138
1228921
3240730
3264109
3248209
1757896
1234161
1432
1209926
1239413
3263043
3263043
1383064
1208747
3229362
2024022
1170139
1009827
1663552
2498174
1119869
3260829
1127897
6601
6147096
2317693
3241967
3127453
3114225
6711103
1200973
2419435
3257791
3257787
1565778
2054784
436
778
3262506
6610453
3240017
3240017
6604385
3256079
3256331
6597654
2571077
4909810
4921969
2675865
2675882
4921992
3256249
5967479
2508874
3256616
2675877
4921986
3260251
3260339
2508869
5967478
2571008
4909972
6645915
3084547
599
601
2080067
4921978
2675863
2675859
4921974
2387975
6601303
3240047
3257274
3259085
1374751
1854548
4687604
2675874
4921990
3259330
4909901
2570433
8172
7410
3256248
8026
8024
3264720
3241265
2618910
5470110
6612103
4910329
2571746
6611307
2618911
6142238
2496
2619606
3261226
4921950
2673570
3263487
1037871
3256299
3260696
2598793
3262564
4910591
2571781
1036907
1356
639
1226725
2335959
2581926
4909528
3243336
6613437
3267646
3255955
3256273
1214429
1466609
3260887
6334407
5522157
4921970
2675870
2536910
6605310
2411589
3260941
2378332
3254621
4910018
2570507
4911535
2598852
3256306
2570440
4909870
5341583
6656336
1243043
5280776
6136371
6373938
2525182
1612481
2380382
3260782
3260782
3252213
3114249
6711097
6136368
5280803
6096492
2585337
3258914
1199
577
4910812
2597792
3238776
3256807
3259564
3262129
4344444
2508825
2056307
6096481
5257158
892
438
6688779
6688778
2570783
4909728
3238048
2281275
1884088
1541915
1549448
3257802
3262138
5963012
4339356
2501179
2675866
4921989
6326224
6013714
1175169
2570449
4910029
5984714
2675883
4921965
3258010
2597885
4910765
3240558
2581924
4909529
6608613
6347854
1096244
1096244
6136373
5280813
3249741
6095886
5249661
1818920
2597729
4910863
6006363
2571763
4909958
1247492
2675858
4921991
3262571
6678190
6678196
6678194
6678195
5257135
6096491
3261650
3257350
3262595
1189170
1854554
4687605
4687599
1854553
5967474
2508877
3256045
2597774
4910774
1035818
3269739
2378906
2239548
3257575
2675868
4921984
1179236
3257736
3267690
6611188
6610247
1174412
1089
595
2581915
4909525
2383392
3257657
1410194
2508870
5967473
3241607
3239521
2673569
4921949
3240721
2449777
6096486
5440838
2675878
4921966
4909685
2570577
6713358
6548582
1348
1345
1026517
1023270
3256606
3251497
4910756
2597825
2570439
4909869
3257887
3260692
3260692
3232479
3266045
3243392
2243448
1742
6135200
2581916
4909526
474
906
2571452
4909825
3240631
3250306
3255941
1515994
3264319
3250345
3250345
5196769
5196769
6487538
4862424
4921972
2675872
1700005
3247717
3240297
3240297
6101875
4921778
3265885
6599941
429
896
2581921
4909524
6341825
6616419
3265200
3257792
1184012
5980537
1234762
2233014
3262171
4921979
2675880
3239670
3239848
6006580
6007552
2571644
4909713
3260723
3265390
3242470
6609336
6600857
598
1093
3240020
3394536
6548620
1777560
2328672
2675864
4921985
2513883
6543217
3238688
5428423
5428423
3240629
6598561
594
1318
6610270
4911338
3243739
3253067
4687598
1854556
3259080
3257606
6613365
3254170
3260706
2675884
4921968
3240320
6323973
6609320
2522120
1228122
1186651
3240103
4921973
2675879
4921980
2675861
1219060
3257817
4921975
2675885
3114229
6711114
1140079
5257122
6096484
2400454
4909681
2570862
2675860
4921988
2283166
2585375
6096483
2675867
4921976
6331614
6601533
3264916
3262062
3262062
2508871
5967472
3239722
3433619
3389246
2675873
4921981
2518
6142239
2675875
4921971
6605815
2310266
2092182
3089138
5257165
6096487
3245529
3262602
3257828
3257769
2598866
4911513
2675862
4921967
3260826
1086088
6606994
6606516
5967475
2508875
3238067
3257851
3257796
2329614
776
970
1854550
4687601
3259312
6613639
2675881
4921982
4921987
2675876
3264813
2508868
5967477
6609305
6600836
1160635
1160635
2675871
4921983
2313310
1187990
1102984
6599576
5280749
6136372
1034487
6664919
3189769
1146616
3261051
4909836
2571499
6127340
1847
3254119
2673568
4921948
1859560
3114238
6711101
2319452
1234
1696
3257050
1388385
3257353
6135225
1884
6101689
3467690
1854558
4687602
6136366
5280731
3257290
780
971
2570403
4910342
2415410
2387955
5261139
6347853
3083601
3232394
3257848
5261447
6096389
6096488
5518177
2601660
2571765
4910151
6657446
2926244
2675869
4921977
1894033
3257215
2060176
3229708
6346296
4643484
2325445
6067574
866
6348096
5438641
3232477
6543182
2582914
5976898
1817
3265572
546
124
3260311
6007006
3269825
3264797
3265988
3241630
3259848
3257799
4921779
6101876
2063768
3258036
2571108
4910354
1705764
2688397
6648694
2598855
4911516
3261770
5602614
6096577
6008305
3032838
6702989
6612172
2581929
4909527
2619631
4911677
1411344
